40  70
72  81
36  78
32  41
21  86
20  59
65  67
46  72
60  78
3  90
4  32
66  98
7  87
22  89
55  93
52  91
13  58
21  87
59  78
9  60
11  14
17  41
73  99
32  75
50  90
55  66
6  43
75  78
23  27
45  94
35  73
14  86
12  50
8  20
1  10
11  58
43  89
24  61
54  84
91  95
14  97
52  94
26  83
1  40
13  54
11  15
25  28
11  56
14  44
52  69
62  77
19  26
40  65
15  80
51  63
23  67
59  66
17  48
59  97
1  77
61  88
8  57
32  93
36  87
27  85
29  66
3  27
4  33
23  68
43  97
45  57
0  24
26  77
13  75
9  83
19  28
44  81
59  71
9  90
34  75
7  40
36  61
31  52
8  20
21  35
21  22
5  74
59  90
14  17
13  92
42  74
69  83
30  77
44  98
6  90
62  84
4  72
31  82
49  53
8  80
23  34
26  36
14  77
11  69
13  55
8  57
36  45
4  57
46  52
30  56
29  38
1  88
8  86
20  37
71  85
32  52
68  88
22  54
37  88
33  48
34  70
40  64
3  14
0  41
80  90
26  58
40  61
77  88
27  47
22  57
78  95
32  88
49  63
3  38
9  25
17  62
6  25
34  52
81  83
13  73
8  67
2  23
25  83
55  93
69  77
34  36
25  47
0  60
26  51
44  48
19  41
62  69
83  86
38  45
67  86
66  72
19  59
12  84
6  69
19  28
11  78
21  40
4  64
51  84
28  60
66  73
45  74
80  81
54  57
29  83
44  85
77  94
29  63
23  77
43  56
59  75
28  48
5  36
36  73
34  92
10  91
42  62
19  43
2  35
10  19
45  85
12  87
19  80
9  61
40  77
35  52
52  62
13  62
52  54
5  65
49  61
8  34
8  20
18  52
33  42
44  62
10  78
14  21
16  88
23  70
45  53
23  29
39  45
79  97
40  49
47  88
37  80
3  18
70  86
64  90
17  22
44  95
53  99
14  23
38  54
67  68
45  73
56  97
3  85
81  84
32  81
42  76
38  62
92  95
46  80
6  99
79  82
10  44
36  96
39  76
57  87
30  31
14  71
10  17
78  88
31  75
32  41
23  29
3  20
10  82
4  62
44  54
80  81
19  78
73  90
57  78
37  55
0  96
7  83
16  44
42  44
48  89
56  85
14  89
30  88
71  97
85  98
3  21
15  72
15  61
1  72
29  75
46  58
94  96
50  81
63  80
11  64
18  78
61  62
1  13
17  48
6  7
64  66
13  44
47  92
42  56
88  92
16  45
16  21
62  86
18  80
56  93
16  47
19  36
60  86
65  97
7  90
12  95
3  24
95  97
2  91
15  37
85  88
38  46
10  22
2  11
52  93
39  94
77  88
44  86
17  57
5  64
29  51
6  18
7  61
2  36
24  64
28  85
95  99
2  83
29  83
12  30
60  66
5  20
38  70
72  80
9  10
25  50
14  80
31  77
59  93
16  65
41  72
60  73
10  27
20  93
18  42
6  12
13  98
34  79
66  68
3  54
67  78
32  99
28  45
70  82
64  75
21  40
81  96
8  18
92  95
81  90
26  30
6  72
18  95
47  86
10  28
22  88
51  81
30  72
30  42
44  76
1  99
31  46
47  96
3  33
6  18
38  42
0  64
46  86
31  36
6  17
41  94
56  62
12  91
34  92
30  60
43  54
21  48
18  71
27  95
39  89
76  81
35  44
27  72
81  95
55  98
94  94
17  61
53  92
40  91
15  71
22  27
35  46
20  85
11  90
8  28
58  59
38  61
24  93
50  69
54  86
62  78
21  45
0  40
6  58
37  84
39  69
9  38
39  94
37  94
1  13
17  62
55  56
38  60
24  96
21  49
15  19
61  90
40  97
10  73
2  96
30  97
17  79
12  22
19  64
40  97
3  61
4  76
93  95
79  83
30  85
12  62
7  99
14  67
66  74
50  83
62  66
10  73
75  80
74  79
19  23
7  70
44  82
15  32
17  36
15  47
71  89
21  64
13  34
66  80
15  23
7  45
45  60
59  76
47  61
26  41
83  92
8  68
5  95
23  29
73  88
5  35
54  90
43  54
30  71
10  24
2  69
31  98
47  99
35  89
53  82
17  76
4  66
38  56
25  26
40  40
26  82
43  48
39  70
72  75
24  77
9  68
85  93
28  59
49  93
59  60
80  93
51  60
42  76
39  81
12  55
43  93
49  54
30  33
54  95
58  77
39  44
64  78
42  61
27  46
19  63
39  67
6  8
46  60
44  54
52  56
7  19
36  80
16  73
34  53
26  50
51  95
15  51
27  92
61  94
25  63
27  73
31  55
17  23
23  76
28  53
31  76
30  40
3  77
56  83
9  47
10  75
23  55
17  37
33  74
61  65
14  35
12  75
21  34
43  63
71  83
33  76
38  95
36  83
34  60
38  90
6  86
15  70
4  44
78  90
3  26
8  80
41  46
47  78
0  24
10  11
27  77
15  51
51  66
33  47
77  87
33  79
23  56
21  38
28  87
5  50
8  30
3  10
52  76
4  82
42  94
48  79
27  42
3  66
35  35
81  97
24  70
91  97
45  50
1  97
45  53
41  43
8  75
8  84
65  85
24  27
56  91
75  85
12  92
23  26
17  83
12  36
36  67
15  49
38  62
1  5
64  89
39  83
10  16
6  62
2  89
46  93
21  51
4  19
68  93
44  71
44  75
45  89
38  56
9  74
11  63
13  30
43  69
37  96
6  38
13  51
25  96
32  95
7  79
6  43
7  52
38  97
0  78
55  58
9  16
29  84
8  90
75  76
19  39
36  90
63  70
12  27
0  18
26  36
5  87
17  27
17  40
25  87
30  85
15  89
30  82
63  76
36  70
15  73
32  53
17  87
2  28
7  85
26  82
21  35
3  81
1  10
24  34
41  85
82  87
52  88
1  19
3  81
0  31
71  99
46  82
26  55
49  63
35  82
73  83
47  51
8  45
35  97
57  71
83  98
21  25
13  95
42  77
44  61
7  41
46  75
32  38
51  95
14  20
14  60
11  71
58  74
77  97
2  53
36  61
30  72
15  72
20  85
64  87
65  67
29  54
45  53
7  97
35  49
43  68
53  71
32  83
24  77
1  11
10  46
29  34
57  92
93  97
44  53
57  60
12  13
1  58
0  22
8  83
50  54
52  91
51  55
25  96
13  47
23  76
16  36
5  83
20  40
4  68
49  90
25  60
24  48
8  48
19  89
32  33
46  81
2  28
64  68
30  55
78  98
75  93
13  22
41  61
72  73
47  79
23  62
70  93
48  50
30  40
49  87
87  92
54  59
35  77
46  50
32  75
79  81
5  20
69  87
0  87
44  97
24  70
40  95
3  76
42  61
20  61
0  52
14  92
75  98
31  45
41  78
88  95
6  39
30  54
55  80
3  57
17  27
47  77
28  98
15  86
20  81
29  31
27  83
47  81
46  70
33  99
43  89
42  59
6  22
34  68
13  56
18  63
31  67
17  54
79  82
31  82
53  89
10  27
65  81
27  51
15  76
18  64
89  99
19  50
29  44
5  13
29  45
77  81
9  84
23  49
45  52
37  42
63  75
83  95
25  79
83  93
10  14
0  44
31  78
11  59
60  78
44  47
29  31
27  68
54  91
50  82
74  99
43  99
40  98
59  97
34  83
1  61
68  98
32  68
9  49
16  18
28  43
10  91
35  55
98  98
31  41
54  85
4  62
35  89
34  34
47  73
5  72
83  93
24  62
50  81
60  99
4  40
54  61
16  64
45  96
76  89
3  23
13  15
59  88
20  48
6  8
7  25
2  76
3  70
8  70
54  63
69  77
55  77
1  45
9  15
23  64
44  98
45  91
76  89
7  29
50  71
25  48
63  82
16  91
52  68
7  26
37  70
38  71
69  72
84  84
4  89
33  94
63  80
72  78
71  78
52  74
33  56
61  77
45  94
58  67
39  87
30  54
21  46
28  80
22  86
3  35
0  58
25  74
10  85
43  98
56  75
52  64
89  98
4  99
12  94
4  19
64  83
0  6
53  56
23  96
47  91
38  46
6  58
78  94
41  82
15  52
12  29
5  94
31  38
44  55
56  82
0  26
22  50
28  49
31  93
49  74
11  26
13  16
0  88
19  25
3  73
70  95
6  28
17  25
22  69
76  83
8  15
7  65
43  47
79  83
42  71
43  92
45  81
33  68
51  57
14  96
33  64
8  45
43  66
2  12
24  30
4  34
27  58
1  52
17  75
11  12
3  17
85  87
3  91
46  83
2  44
61  65
1  96
48  70
38  85
45  76
55  85
38  66
1  43
17  34
1  68
23  63
6  94
7  26
44  59
50  94
37  83
46  60
8  73
37  48
44  57
2  40
33  97
79  83
60  88
52  69
59  64
41  86
13  48
44  83
37  48
29  41
36  47
58  97
73  77
67  99
29  87
9  90
44  47
42  82
21  68
24  61
5  30
53  92
82  97
34  47
4  63
16  44
45  75
54  98
49  65
42  90
49  95
37  63
14  65
